1390 70   22
230  0    254  10   1
0    10   1390 15   1
0    15   1390 33   2
0    34   1390 39   1
0    24   254  24   0
230  15   254  33   3
255  21   625  21   0
613  22   625  22   0
615  23   625  23   0
617  24   625  24   0
619  25   625  25   0
621  26   625  26   0
623  27   625  27   0
626  15   644  33   3
645  21   1180 21   0
660  34   672  70   2
666  34   666  70   0
742  34   754  70   2
748  34   748  70   0
1181 15   1202 33   3
1203 21   1390 21   0
1    18   9    20   4
5    13   5    13   5



#x0, y0,  x1,  y1,  t
# colors_ids: 0 - not usable, 1 - pavement, 2 - road, 3 - crossing, 4 - vehicle, 5 - pedestrian